0 313 101 327 371 147 300 252 179 0 285 89 188 
1 307 102 333 369 151 301 245 178 
2 316 106 324 364 152 301 244 178 
3 317 103 323 368 155 302 242 177 
4 311 105 329 367 155 302 243 177 
5 371 141 266 336 165 299 222 181 0 285 90 187 
6 370 140 268 330 162 301 230 177 
7 376 134 263 341 155 302 240 176 
8 374 126 265 354 151 301 244 177 
9 373 122 265 358 155 301 243 177 
10 376 121 261 359 150 302 245 177 
11 376 120 264 360 153 303 244 176 
12 372 117 267 363 160 302 236 176 
13 373 117 266 363 165 302 230 176 
14 375 120 265 360 160 299 234 179 
15 380 119 260 361 165 297 229 182 
16 373 123 267 357 163 296 230 183 
17 373 120 266 360 160 297 232 183 
18 378 115 262 365 145 295 258 184 
19 376 115 264 365 155 297 248 181 
20 378 115 262 365 154 295 247 185 
21 378 118 262 362 134 296 266 184 
22 375 114 265 366 210 289 193 191 
23 380 115 260 365 146 297 251 182 
24 376 116 264 364 154 304 245 174 0 286 90 184 
25 379 117 261 363 176 306 216 173 
26 381 122 256 358 165 305 206 175 
27 362 136 278 344 163 303 215 176 
28 360 148 274 326 75 298 299 179 
29 92 295 277 181 382 140 252 334 
30 398 149 241 328 95 303 261 174 
31 396 164 243 308 89 302 272 174 0 284 90 190 
32 89 303 268 175 377 169 258 307 
33 379 167 252 306 85 302 274 176 
34 393 159 237 313 76 302 278 175 0 285 89 190 
35 407 156 225 317 80 301 274 175 
36 393 157 247 317 79 302 275 174 
37 76 302 273 175 307 105 327 368 0 284 90 190 
38 376 136 257 333 77 304 275 171 
39 76 302 276 174 381 113 258 353 0 284 89 190 
40 77 303 274 173 304 89 336 387 
41 310 85 330 387 82 300 268 177 
42 291 77 349 392 79 303 265 172 
43 81 301 271 176 303 93 337 376 
44 374 118 265 343 77 297 275 180 
45 70 297 286 179 373 142 267 324 
46 72 298 284 178 297 133 343 340 
47 288 132 352 338 74 298 278 178 
48 286 136 354 330 75 299 275 178 
49 75 298 277 179 300 114 340 347 
50 71 298 284 177 303 115 337 345 
51 77 298 276 179 304 114 336 347 
52 78 298 273 178 296 132 344 337 
53 75 298 277 179 306 112 334 350 
54 78 299 275 178 307 114 333 346 
55 76 298 277 179 305 109 335 356 
56 75 299 277 178 306 111 334 351 0 282 89 195 
57 303 109 337 357 79 299 272 177 
58 73 298 280 179 303 110 337 355 
59 74 299 279 178 301 110 339 354 
60 75 299 278 178 304 107 336 359 
61 72 298 282 179 304 110 336 354 
62 77 298 275 179 302 108 338 357 
63 302 110 338 353 76 298 276 179 
64 75 299 277 178 299 110 341 355 
65 300 113 340 349 79 298 276 179 
66 86 300 262 177 303 114 337 346 0 285 89 189 
67 86 301 260 177 305 116 335 343 0 284 89 189 
68 87 301 261 177 304 113 336 348 0 285 90 190 
69 86 301 262 176 304 111 336 352 
70 83 300 264 178 301 115 339 345 0 285 90 189 
71 84 301 262 176 307 112 333 350 
72 84 300 263 177 305 114 335 345 
73 85 301 264 177 304 113 336 347 
74 82 300 267 177 307 107 333 357 
75 301 114 339 346 83 300 266 177 
76 88 301 259 177 304 109 336 356 0 285 90 187 
77 83 301 265 176 306 110 334 356 0 284 89 190 
78 94 301 254 177 305 110 335 356 
79 88 303 260 174 296 131 344 340 
80 92 303 256 174 298 130 342 341 0 285 90 188 
81 88 302 258 175 303 115 337 347 0 285 90 190 
82 358 125 282 353 88 301 262 176 
83 360 123 280 353 88 300 261 178 
84 88 301 261 176 358 125 282 349 
